9000001 01111 800001 3
9000002 01111 800001 3
9000002 01120 800001 3
9000001 01120 800001 3
9000001 01119 800001 3
9000002 01119 800001 3
9000002 01118 800001 3
9000001 01118 800001 3
9000002 01124 800001 3
9000001 01124 800001 3
9000001 01121 800001 3
9000002 01121 800001 3
9000001 01123 800001 3
9000002 01123 800001 3
9000001 01125 800001 3
9000002 01125 800001 3
9000002 01122 800001 3
9000001 01122 800001 3
9000001 01117 800001 3
9000002 01117 800001 3
9000002 01126 800001 3
9000001 01126 800001 3
9000001 01115 800001 3
9000002 01115 800001 3
9000002 01116 800001 3
9000001 01116 800001 3
9000002 01114 800001 3
9000001 01114 800001 3
9000002 01112 800001 3
9000001 01112 800001 3
9000001 01113 800001 3
9000002 01113 800001 3
9000004 02212 800001 1
9000003 02212 800001 2
9000001 02212 800001 6
9000001 02215 800001 6
9000003 02215 800001 2
9000004 02215 800001 1
9000001 02213 800001 6
9000003 02213 800001 2
9000004 02213 800001 1
9000004 02214 800001 1
9000003 02214 800001 2
9000001 02214 800001 6
9000001 01215 800001 6
9000003 01215 800001 5
9000003 01212 800001 5
9000001 01212 800001 6
9000003 01216 800001 5
9000001 01216 800001 6
9000001 01213 800001 6
9000003 01213 800001 5
9000001 01217 800001 6
9000003 01217 800001 5
9000001 01211 800001 6
9000003 01211 800001 5
9000003 01218 800001 5
9000001 01218 800001 6
9000003 01214 800001 5
9000001 01214 800001 6
9000007 03301 800001 1
9000001 03301 800001 4
9000006 03301 800001 25
9000006 03302 800001 25
9000001 03302 800001 4
9000007 03302 800001 1
9000007 02511 800001 1
9000003 02511 800001 5
9000001 02511 800001 4
9000006 02511 800001 25
9000007 02513 800001 1
9000003 02513 800001 5
9000001 02513 800001 4
9000006 02513 800001 25
9000006 02514 800001 25
9000001 02514 800001 4
9000003 02514 800001 5
9000007 02514 800001 1
9000006 02512 800001 25
9000001 02512 800001 4
9000003 02512 800001 5
9000007 02512 800001 1
9000005 02411 800001 1
9000001 02411 800001 4
9000002 02411 800001 1
9000006 02411 800001 25
9000006 02416 800001 25
9000002 02416 800001 1
9000001 02416 800001 4
9000005 02416 800001 1
9000005 02415 800001 1
9000001 02415 800001 4
9000002 02415 800001 1
9000006 02415 800001 25
9000005 02417 800001 1
9000001 02417 800001 4
9000002 02417 800001 1
9000006 02417 800001 25
9000006 02412 800001 25
9000002 02412 800001 1
9000001 02412 800001 4
9000005 02412 800001 1
9000005 02413 800001 1
9000001 02413 800001 4
9000002 02413 800001 1
9000006 02413 800001 25
9000006 02410 800001 25
9000002 02410 800001 1
9000001 02410 800001 4
9000005 02410 800001 1
9000006 02414 800001 25
9000002 02414 800001 1
9000001 02414 800001 4
9000005 02414 800001 1
9000004 03105 800001 1
9000003 03105 800001 2
9000001 03105 800001 4
9000006 03105 800001 25
9000006 03106 800001 25
9000001 03106 800001 4
9000003 03106 800001 2
9000004 03106 800001 1
9000004 03101 800001 1
9000003 03101 800001 2
9000001 03101 800001 4
9000006 03101 800001 25
9000006 03102 800001 25
9000001 03102 800001 4
9000003 03102 800001 2
9000004 03102 800001 1
9000006 03104 800001 25
9000001 03104 800001 4
9000003 03104 800001 2
9000004 03104 800001 1
9000004 03103 800001 1
9000003 03103 800001 2
9000001 03103 800001 4
9000006 03103 800001 25
9000004 01314 800001 1
9000003 01314 800001 4
9000003 01313 800001 4
9000004 01313 800001 1
9000003 01315 800001 4
9000004 01315 800001 1
9000004 01312 800001 1
9000003 01312 800001 4
9000004 01316 800001 1
9000003 01316 800001 4
9000003 01311 800001 4
9000004 01311 800001 1
9000003 01317 800001 4
9000004 01317 800001 1
9000004 01318 800001 1
9000003 01318 800001 4
9000004 05001 800001 1
9000001 05001 800001 4
9000006 05001 800001 26
9000006 05002 800001 26
9000001 05002 800001 4
9000004 05002 800001 1
9000024 10020 B1____ 2
9000023 10020 B1____ 2
9000002 10020 B1____ 4
9000038 10020 B1____ 2
9000021 10020 B1____ 2
9000034 10020 B1____ 2
9000030 10020 B1____ 2
9000024 10022 B1____ 2
9000023 10022 B1____ 2
9000002 10022 B1____ 4
9000038 10022 B1____ 2
9000021 10022 B1____ 2
9000034 10022 B1____ 2
9000030 10022 B1____ 2
9000024 10024 B1____ 2
9000023 10024 B1____ 2
9000002 10024 B1____ 4
9000038 10024 B1____ 2
9000021 10024 B1____ 2
9000034 10024 B1____ 2
9000030 10024 B1____ 2
9000024 10026 B1____ 2
9000023 10026 B1____ 2
9000002 10026 B1____ 4
9000038 10026 B1____ 2
9000021 10026 B1____ 2
9000034 10026 B1____ 2
9000030 10026 B1____ 2
9000024 10028 B1____ 2
9000023 10028 B1____ 2
9000002 10028 B1____ 4
9000038 10028 B1____ 2
9000021 10028 B1____ 2
9000034 10028 B1____ 2
9000030 10028 B1____ 2
9000024 10030 B1____ 2
9000023 10030 B1____ 2
9000002 10030 B1____ 4
9000038 10030 B1____ 2
9000021 10030 B1____ 2
9000034 10030 B1____ 2
9000030 10030 B1____ 2
9000024 10032 B1____ 2
9000023 10032 B1____ 2
9000002 10032 B1____ 4
9000038 10032 B1____ 2
9000021 10032 B1____ 2
9000034 10032 B1____ 2
9000030 10032 B1____ 2
9000024 10034 B1____ 2
9000023 10034 B1____ 2
9000002 10034 B1____ 4
9000038 10034 B1____ 2
9000021 10034 B1____ 2
9000034 10034 B1____ 2
9000030 10034 B1____ 2
9000024 10036 B1____ 2
9000023 10036 B1____ 2
9000002 10036 B1____ 4
9000038 10036 B1____ 2
9000021 10036 B1____ 2
9000034 10036 B1____ 2
9000030 10036 B1____ 2
9000024 10038 B1____ 2
9000023 10038 B1____ 2
9000002 10038 B1____ 4
9000038 10038 B1____ 2
9000021 10038 B1____ 2
9000034 10038 B1____ 2
9000030 10038 B1____ 2
9000030 10019 B1____ 1
9000034 10019 B1____ 1
9000021 10019 B1____ 1
9000038 10019 B1____ 1
9000002 10019 B1____ 5
9000023 10019 B1____ 1
9000024 10019 B1____ 1
9000030 10021 B1____ 1
9000034 10021 B1____ 1
9000021 10021 B1____ 1
9000038 10021 B1____ 1
9000002 10021 B1____ 5
9000023 10021 B1____ 1
9000024 10021 B1____ 1
9000030 10023 B1____ 1
9000034 10023 B1____ 1
9000021 10023 B1____ 1
9000038 10023 B1____ 1
9000002 10023 B1____ 5
9000023 10023 B1____ 1
9000024 10023 B1____ 1
9000030 10025 B1____ 1
9000034 10025 B1____ 1
9000021 10025 B1____ 1
9000038 10025 B1____ 1
9000002 10025 B1____ 5
9000023 10025 B1____ 1
9000024 10025 B1____ 1
9000030 10027 B1____ 1
9000034 10027 B1____ 1
9000021 10027 B1____ 1
9000038 10027 B1____ 1
9000002 10027 B1____ 5
9000023 10027 B1____ 1
9000024 10027 B1____ 1
9000030 10029 B1____ 1
9000034 10029 B1____ 1
9000021 10029 B1____ 1
9000038 10029 B1____ 1
9000002 10029 B1____ 5
9000023 10029 B1____ 1
9000024 10029 B1____ 1
9000030 10031 B1____ 1
9000034 10031 B1____ 1
9000021 10031 B1____ 1
9000038 10031 B1____ 1
9000002 10031 B1____ 5
9000023 10031 B1____ 1
9000024 10031 B1____ 1
9000030 10033 B1____ 1
9000034 10033 B1____ 1
9000021 10033 B1____ 1
9000038 10033 B1____ 1
9000002 10033 B1____ 5
9000023 10033 B1____ 1
9000024 10033 B1____ 1
9000030 10035 B1____ 1
9000034 10035 B1____ 1
9000021 10035 B1____ 1
9000038 10035 B1____ 1
9000002 10035 B1____ 5
9000023 10035 B1____ 1
9000024 10035 B1____ 1
9000030 10037 B1____ 1
9000034 10037 B1____ 1
9000021 10037 B1____ 1
9000038 10037 B1____ 1
9000002 10037 B1____ 5
9000023 10037 B1____ 1
9000024 10037 B1____ 1
9000037 40020 B1____ 2
9000034 40020 B1____ 1
9000021 40020 B1____ 1
9000022 40020 B1____ 1
9000002 40020 B1____ 5
9000027 40020 B1____ 2
9000026 40020 B1____ 2
9000025 40020 B1____ 2
9000020 40020 B1____ 2
9000033 40020 B1____ 2
9000039 40020 B1____ 2
9000040 40020 B1____ 2
9000051 40020 B1____ 2
9000003 40020 B1____ 6
9000042 40020 B1____ 2
9000043 40020 B1____ 2
9000044 40020 B1____ 2
9000047 40020 B1____ 2
9000048 40020 B1____ 2
9000049 40020 B1____ 2
9000050 40020 B1____ 1
9000037 40022 B1____ 2
9000034 40022 B1____ 1
9000021 40022 B1____ 1
9000022 40022 B1____ 1
9000002 40022 B1____ 5
9000027 40022 B1____ 2
9000026 40022 B1____ 2
9000025 40022 B1____ 2
9000020 40022 B1____ 2
9000033 40022 B1____ 2
9000039 40022 B1____ 2
9000040 40022 B1____ 2
9000051 40022 B1____ 2
9000003 40022 B1____ 6
9000042 40022 B1____ 2
9000043 40022 B1____ 2
9000044 40022 B1____ 2
9000047 40022 B1____ 2
9000048 40022 B1____ 2
9000049 40022 B1____ 2
9000050 40022 B1____ 1
9000037 40024 B1____ 2
9000034 40024 B1____ 1
9000021 40024 B1____ 1
9000022 40024 B1____ 1
9000002 40024 B1____ 5
9000027 40024 B1____ 2
9000026 40024 B1____ 2
9000025 40024 B1____ 2
9000020 40024 B1____ 2
9000033 40024 B1____ 2
9000039 40024 B1____ 2
9000040 40024 B1____ 2
9000051 40024 B1____ 2
9000003 40024 B1____ 6
9000042 40024 B1____ 2
9000043 40024 B1____ 2
9000044 40024 B1____ 2
9000047 40024 B1____ 2
9000048 40024 B1____ 2
9000049 40024 B1____ 2
9000050 40024 B1____ 1
9000037 40026 B1____ 2
9000034 40026 B1____ 1
9000021 40026 B1____ 1
9000022 40026 B1____ 1
9000002 40026 B1____ 5
9000027 40026 B1____ 2
9000026 40026 B1____ 2
9000025 40026 B1____ 2
9000020 40026 B1____ 2
9000033 40026 B1____ 2
9000039 40026 B1____ 2
9000040 40026 B1____ 2
9000051 40026 B1____ 2
9000003 40026 B1____ 6
9000042 40026 B1____ 2
9000043 40026 B1____ 2
9000044 40026 B1____ 2
9000047 40026 B1____ 2
9000048 40026 B1____ 2
9000049 40026 B1____ 2
9000050 40026 B1____ 1
9000037 40028 B1____ 2
9000034 40028 B1____ 1
9000021 40028 B1____ 1
9000022 40028 B1____ 1
9000002 40028 B1____ 5
9000027 40028 B1____ 2
9000026 40028 B1____ 2
9000025 40028 B1____ 2
9000020 40028 B1____ 2
9000033 40028 B1____ 2
9000039 40028 B1____ 2
9000040 40028 B1____ 2
9000051 40028 B1____ 2
9000003 40028 B1____ 6
9000042 40028 B1____ 2
9000043 40028 B1____ 2
9000044 40028 B1____ 2
9000047 40028 B1____ 2
9000048 40028 B1____ 2
9000049 40028 B1____ 2
9000050 40028 B1____ 1
9000037 40030 B1____ 2
9000034 40030 B1____ 1
9000021 40030 B1____ 1
9000022 40030 B1____ 1
9000002 40030 B1____ 5
9000027 40030 B1____ 2
9000026 40030 B1____ 2
9000025 40030 B1____ 2
9000020 40030 B1____ 2
9000033 40030 B1____ 2
9000039 40030 B1____ 2
9000040 40030 B1____ 2
9000051 40030 B1____ 2
9000003 40030 B1____ 6
9000042 40030 B1____ 2
9000043 40030 B1____ 2
9000044 40030 B1____ 2
9000047 40030 B1____ 2
9000048 40030 B1____ 2
9000049 40030 B1____ 2
9000050 40030 B1____ 1
9000037 40032 B1____ 2
9000034 40032 B1____ 1
9000021 40032 B1____ 1
9000022 40032 B1____ 1
9000002 40032 B1____ 5
9000027 40032 B1____ 2
9000026 40032 B1____ 2
9000025 40032 B1____ 2
9000020 40032 B1____ 2
9000033 40032 B1____ 2
9000039 40032 B1____ 2
9000040 40032 B1____ 2
9000051 40032 B1____ 2
9000003 40032 B1____ 6
9000042 40032 B1____ 2
9000043 40032 B1____ 2
9000044 40032 B1____ 2
9000047 40032 B1____ 2
9000048 40032 B1____ 2
9000049 40032 B1____ 2
9000050 40032 B1____ 1
9000037 40034 B1____ 2
9000034 40034 B1____ 1
9000021 40034 B1____ 1
9000022 40034 B1____ 1
9000002 40034 B1____ 5
9000027 40034 B1____ 2
9000026 40034 B1____ 2
9000025 40034 B1____ 2
9000020 40034 B1____ 2
9000033 40034 B1____ 2
9000039 40034 B1____ 2
9000040 40034 B1____ 2
9000051 40034 B1____ 2
9000003 40034 B1____ 6
9000042 40034 B1____ 2
9000043 40034 B1____ 2
9000044 40034 B1____ 2
9000047 40034 B1____ 2
9000048 40034 B1____ 2
9000049 40034 B1____ 2
9000050 40034 B1____ 1
9000037 40036 B1____ 2
9000034 40036 B1____ 1
9000021 40036 B1____ 1
9000022 40036 B1____ 1
9000002 40036 B1____ 5
9000027 40036 B1____ 2
9000026 40036 B1____ 2
9000025 40036 B1____ 2
9000020 40036 B1____ 2
9000033 40036 B1____ 2
9000039 40036 B1____ 2
9000040 40036 B1____ 2
9000051 40036 B1____ 2
9000003 40036 B1____ 6
9000042 40036 B1____ 2
9000043 40036 B1____ 2
9000044 40036 B1____ 2
9000047 40036 B1____ 2
9000048 40036 B1____ 2
9000049 40036 B1____ 2
9000050 40036 B1____ 1
9000050 40019 B1____ 1
9000049 40019 B1____ 1
9000048 40019 B1____ 1
9000047 40019 B1____ 1
9000044 40019 B1____ 1
9000043 40019 B1____ 1
9000042 40019 B1____ 1
9000003 40019 B1____ 7
9000051 40019 B1____ 1
9000040 40019 B1____ 1
9000039 40019 B1____ 1
9000033 40019 B1____ 1
9000020 40019 B1____ 1
9000025 40019 B1____ 1
9000026 40019 B1____ 1
9000027 40019 B1____ 1
9000002 40019 B1____ 4
9000022 40019 B1____ 2
9000021 40019 B1____ 2
9000034 40019 B1____ 2
9000037 40019 B1____ 1
9000050 40021 B1____ 1
9000049 40021 B1____ 1
9000048 40021 B1____ 1
9000047 40021 B1____ 1
9000044 40021 B1____ 1
9000043 40021 B1____ 1
9000042 40021 B1____ 1
9000003 40021 B1____ 7
9000051 40021 B1____ 1
9000040 40021 B1____ 1
9000039 40021 B1____ 1
9000033 40021 B1____ 1
9000020 40021 B1____ 1
9000025 40021 B1____ 1
9000026 40021 B1____ 1
9000027 40021 B1____ 1
9000002 40021 B1____ 4
9000022 40021 B1____ 2
9000021 40021 B1____ 2
9000034 40021 B1____ 2
9000037 40021 B1____ 1
9000050 40023 B1____ 1
9000049 40023 B1____ 1
9000048 40023 B1____ 1
9000047 40023 B1____ 1
9000044 40023 B1____ 1
9000043 40023 B1____ 1
9000042 40023 B1____ 1
9000003 40023 B1____ 7
9000051 40023 B1____ 1
9000040 40023 B1____ 1
9000039 40023 B1____ 1
9000033 40023 B1____ 1
9000020 40023 B1____ 1
9000025 40023 B1____ 1
9000026 40023 B1____ 1
9000027 40023 B1____ 1
9000002 40023 B1____ 4
9000022 40023 B1____ 2
9000021 40023 B1____ 2
9000034 40023 B1____ 2
9000037 40023 B1____ 1
9000050 40025 B1____ 1
9000049 40025 B1____ 1
9000048 40025 B1____ 1
9000047 40025 B1____ 1
9000044 40025 B1____ 1
9000043 40025 B1____ 1
9000042 40025 B1____ 1
9000003 40025 B1____ 7
9000051 40025 B1____ 1
9000040 40025 B1____ 1
9000039 40025 B1____ 1
9000033 40025 B1____ 1
9000020 40025 B1____ 1
9000025 40025 B1____ 1
9000026 40025 B1____ 1
9000027 40025 B1____ 1
9000002 40025 B1____ 4
9000022 40025 B1____ 2
9000021 40025 B1____ 2
9000034 40025 B1____ 2
9000037 40025 B1____ 1
9000050 40027 B1____ 1
9000049 40027 B1____ 1
9000048 40027 B1____ 1
9000047 40027 B1____ 1
9000044 40027 B1____ 1
9000043 40027 B1____ 1
9000042 40027 B1____ 1
9000003 40027 B1____ 7
9000051 40027 B1____ 1
9000040 40027 B1____ 1
9000039 40027 B1____ 1
9000033 40027 B1____ 1
9000020 40027 B1____ 1
9000025 40027 B1____ 1
9000026 40027 B1____ 1
9000027 40027 B1____ 1
9000002 40027 B1____ 4
9000022 40027 B1____ 2
9000021 40027 B1____ 2
9000034 40027 B1____ 2
9000037 40027 B1____ 1
9000050 40029 B1____ 1
9000049 40029 B1____ 1
9000048 40029 B1____ 1
9000047 40029 B1____ 1
9000044 40029 B1____ 1
9000043 40029 B1____ 1
9000042 40029 B1____ 1
9000003 40029 B1____ 7
9000051 40029 B1____ 1
9000040 40029 B1____ 1
9000039 40029 B1____ 1
9000033 40029 B1____ 1
9000020 40029 B1____ 1
9000025 40029 B1____ 1
9000026 40029 B1____ 1
9000027 40029 B1____ 1
9000002 40029 B1____ 4
9000022 40029 B1____ 2
9000021 40029 B1____ 2
9000034 40029 B1____ 2
9000037 40029 B1____ 1
9000050 40031 B1____ 1
9000049 40031 B1____ 1
9000048 40031 B1____ 1
9000047 40031 B1____ 1
9000044 40031 B1____ 1
9000043 40031 B1____ 1
9000042 40031 B1____ 1
9000003 40031 B1____ 7
9000051 40031 B1____ 1
9000040 40031 B1____ 1
9000039 40031 B1____ 1
9000033 40031 B1____ 1
9000020 40031 B1____ 1
9000025 40031 B1____ 1
9000026 40031 B1____ 1
9000027 40031 B1____ 1
9000002 40031 B1____ 4
9000022 40031 B1____ 2
9000021 40031 B1____ 2
9000034 40031 B1____ 2
9000037 40031 B1____ 1
9000050 40033 B1____ 1
9000049 40033 B1____ 1
9000048 40033 B1____ 1
9000047 40033 B1____ 1
9000044 40033 B1____ 1
9000043 40033 B1____ 1
9000042 40033 B1____ 1
9000003 40033 B1____ 7
9000051 40033 B1____ 1
9000040 40033 B1____ 1
9000039 40033 B1____ 1
9000033 40033 B1____ 1
9000020 40033 B1____ 1
9000025 40033 B1____ 1
9000026 40033 B1____ 1
9000027 40033 B1____ 1
9000002 40033 B1____ 4
9000022 40033 B1____ 2
9000021 40033 B1____ 2
9000034 40033 B1____ 2
9000037 40033 B1____ 1
9000050 40035 B1____ 1
9000049 40035 B1____ 1
9000048 40035 B1____ 1
9000047 40035 B1____ 1
9000044 40035 B1____ 1
9000043 40035 B1____ 1
9000042 40035 B1____ 1
9000003 40035 B1____ 7
9000051 40035 B1____ 1
9000040 40035 B1____ 1
9000039 40035 B1____ 1
9000033 40035 B1____ 1
9000020 40035 B1____ 1
9000025 40035 B1____ 1
9000026 40035 B1____ 1
9000027 40035 B1____ 1
9000002 40035 B1____ 4
9000022 40035 B1____ 2
9000021 40035 B1____ 2
9000034 40035 B1____ 2
9000037 40035 B1____ 1
9000050 40037 B1____ 1
9000049 40037 B1____ 1
9000048 40037 B1____ 1
9000047 40037 B1____ 1
9000044 40037 B1____ 1
9000043 40037 B1____ 1
9000042 40037 B1____ 1
9000003 40037 B1____ 7
9000051 40037 B1____ 1
9000040 40037 B1____ 1
9000039 40037 B1____ 1
9000033 40037 B1____ 1
9000020 40037 B1____ 1
9000025 40037 B1____ 1
9000026 40037 B1____ 1
9000027 40037 B1____ 1
9000002 40037 B1____ 4
9000022 40037 B1____ 2
9000021 40037 B1____ 2
9000034 40037 B1____ 2
9000037 40037 B1____ 1
9000050 40039 B1____ 1
9000049 40039 B1____ 1
9000048 40039 B1____ 1
9000047 40039 B1____ 1
9000044 40039 B1____ 1
9000043 40039 B1____ 1
9000042 40039 B1____ 1
9000003 40039 B1____ 7
9000051 40039 B1____ 1
9000040 40039 B1____ 1
9000039 40039 B1____ 1
9000033 40039 B1____ 1
9000020 40039 B1____ 1
9000025 40039 B1____ 1
9000026 40039 B1____ 1
9000027 40039 B1____ 1
9000002 40039 B1____ 4
9000022 40039 B1____ 2
9000021 40039 B1____ 2
9000034 40039 B1____ 2
9000037 40039 B1____ 1
9000001 30020 B1____ 8
9000035 30020 B1____ 2
9000032 30020 B1____ 2
9000031 30020 B1____ 2
9000036 30020 B1____ 2
9000040 30020 B1____ 2
9000051 30020 B1____ 2
9000041 30020 B1____ 2
9000042 30020 B1____ 2
9000043 30020 B1____ 2
9000044 30020 B1____ 2
9000045 30020 B1____ 2
9000046 30020 B1____ 2
9000001 30022 B1____ 8
9000035 30022 B1____ 2
9000032 30022 B1____ 2
9000031 30022 B1____ 2
9000036 30022 B1____ 2
9000040 30022 B1____ 2
9000051 30022 B1____ 2
9000041 30022 B1____ 2
9000042 30022 B1____ 2
9000043 30022 B1____ 2
9000044 30022 B1____ 2
9000045 30022 B1____ 2
9000046 30022 B1____ 2
9000001 30024 B1____ 8
9000035 30024 B1____ 2
9000032 30024 B1____ 2
9000031 30024 B1____ 2
9000036 30024 B1____ 2
9000040 30024 B1____ 2
9000051 30024 B1____ 2
9000041 30024 B1____ 2
9000042 30024 B1____ 2
9000043 30024 B1____ 2
9000044 30024 B1____ 2
9000045 30024 B1____ 2
9000046 30024 B1____ 2
9000001 30026 B1____ 8
9000035 30026 B1____ 2
9000032 30026 B1____ 2
9000031 30026 B1____ 2
9000036 30026 B1____ 2
9000040 30026 B1____ 2
9000051 30026 B1____ 2
9000041 30026 B1____ 2
9000042 30026 B1____ 2
9000043 30026 B1____ 2
9000044 30026 B1____ 2
9000045 30026 B1____ 2
9000046 30026 B1____ 2
9000001 30028 B1____ 8
9000035 30028 B1____ 2
9000032 30028 B1____ 2
9000031 30028 B1____ 2
9000036 30028 B1____ 2
9000040 30028 B1____ 2
9000051 30028 B1____ 2
9000041 30028 B1____ 2
9000042 30028 B1____ 2
9000043 30028 B1____ 2
9000044 30028 B1____ 2
9000045 30028 B1____ 2
9000046 30028 B1____ 2
9000001 30030 B1____ 8
9000035 30030 B1____ 2
9000032 30030 B1____ 2
9000031 30030 B1____ 2
9000036 30030 B1____ 2
9000040 30030 B1____ 2
9000051 30030 B1____ 2
9000041 30030 B1____ 2
9000042 30030 B1____ 2
9000043 30030 B1____ 2
9000044 30030 B1____ 2
9000045 30030 B1____ 2
9000046 30030 B1____ 2
9000001 30032 B1____ 8
9000035 30032 B1____ 2
9000032 30032 B1____ 2
9000031 30032 B1____ 2
9000036 30032 B1____ 2
9000040 30032 B1____ 2
9000051 30032 B1____ 2
9000041 30032 B1____ 2
9000042 30032 B1____ 2
9000043 30032 B1____ 2
9000044 30032 B1____ 2
9000045 30032 B1____ 2
9000046 30032 B1____ 2
9000001 30034 B1____ 8
9000035 30034 B1____ 2
9000032 30034 B1____ 2
9000031 30034 B1____ 2
9000036 30034 B1____ 2
9000040 30034 B1____ 2
9000051 30034 B1____ 2
9000041 30034 B1____ 2
9000042 30034 B1____ 2
9000043 30034 B1____ 2
9000044 30034 B1____ 2
9000045 30034 B1____ 2
9000046 30034 B1____ 2
9000001 30036 B1____ 8
9000035 30036 B1____ 2
9000032 30036 B1____ 2
9000031 30036 B1____ 2
9000036 30036 B1____ 2
9000040 30036 B1____ 2
9000051 30036 B1____ 2
9000041 30036 B1____ 2
9000042 30036 B1____ 2
9000043 30036 B1____ 2
9000044 30036 B1____ 2
9000045 30036 B1____ 2
9000046 30036 B1____ 2
9000001 30038 B1____ 8
9000035 30038 B1____ 2
9000032 30038 B1____ 2
9000031 30038 B1____ 2
9000036 30038 B1____ 2
9000040 30038 B1____ 2
9000051 30038 B1____ 2
9000041 30038 B1____ 2
9000042 30038 B1____ 2
9000043 30038 B1____ 2
9000044 30038 B1____ 2
9000045 30038 B1____ 2
9000046 30038 B1____ 2
9000001 30040 B1____ 8
9000035 30040 B1____ 2
9000032 30040 B1____ 2
9000031 30040 B1____ 2
9000036 30040 B1____ 2
9000040 30040 B1____ 2
9000051 30040 B1____ 2
9000041 30040 B1____ 2
9000042 30040 B1____ 2
9000043 30040 B1____ 2
9000044 30040 B1____ 2
9000045 30040 B1____ 2
9000046 30040 B1____ 2
9000046 30017 B1____ 1
9000045 30017 B1____ 1
9000044 30017 B1____ 1
9000043 30017 B1____ 1
9000042 30017 B1____ 1
9000041 30017 B1____ 1
9000051 30017 B1____ 1
9000040 30017 B1____ 1
9000036 30017 B1____ 1
9000031 30017 B1____ 1
9000032 30017 B1____ 1
9000035 30017 B1____ 1
9000001 30017 B1____ 7
9000046 30019 B1____ 1
9000045 30019 B1____ 1
9000044 30019 B1____ 1
9000043 30019 B1____ 1
9000042 30019 B1____ 1
9000041 30019 B1____ 1
9000051 30019 B1____ 1
9000040 30019 B1____ 1
9000036 30019 B1____ 1
9000031 30019 B1____ 1
9000032 30019 B1____ 1
9000035 30019 B1____ 1
9000001 30019 B1____ 7
9000046 30021 B1____ 1
9000045 30021 B1____ 1
9000044 30021 B1____ 1
9000043 30021 B1____ 1
9000042 30021 B1____ 1
9000041 30021 B1____ 1
9000051 30021 B1____ 1
9000040 30021 B1____ 1
9000036 30021 B1____ 1
9000031 30021 B1____ 1
9000032 30021 B1____ 1
9000035 30021 B1____ 1
9000001 30021 B1____ 7
9000046 30023 B1____ 1
9000045 30023 B1____ 1
9000044 30023 B1____ 1
9000043 30023 B1____ 1
9000042 30023 B1____ 1
9000041 30023 B1____ 1
9000051 30023 B1____ 1
9000040 30023 B1____ 1
9000036 30023 B1____ 1
9000031 30023 B1____ 1
9000032 30023 B1____ 1
9000035 30023 B1____ 1
9000001 30023 B1____ 7
9000046 30025 B1____ 1
9000045 30025 B1____ 1
9000044 30025 B1____ 1
9000043 30025 B1____ 1
9000042 30025 B1____ 1
9000041 30025 B1____ 1
9000051 30025 B1____ 1
9000040 30025 B1____ 1
9000036 30025 B1____ 1
9000031 30025 B1____ 1
9000032 30025 B1____ 1
9000035 30025 B1____ 1
9000001 30025 B1____ 7
9000046 30027 B1____ 1
9000045 30027 B1____ 1
9000044 30027 B1____ 1
9000043 30027 B1____ 1
9000042 30027 B1____ 1
9000041 30027 B1____ 1
9000051 30027 B1____ 1
9000040 30027 B1____ 1
9000036 30027 B1____ 1
9000031 30027 B1____ 1
9000032 30027 B1____ 1
9000035 30027 B1____ 1
9000001 30027 B1____ 7
9000046 30029 B1____ 1
9000045 30029 B1____ 1
9000044 30029 B1____ 1
9000043 30029 B1____ 1
9000042 30029 B1____ 1
9000041 30029 B1____ 1
9000051 30029 B1____ 1
9000040 30029 B1____ 1
9000036 30029 B1____ 1
9000031 30029 B1____ 1
9000032 30029 B1____ 1
9000035 30029 B1____ 1
9000001 30029 B1____ 7
9000046 30031 B1____ 1
9000045 30031 B1____ 1
9000044 30031 B1____ 1
9000043 30031 B1____ 1
9000042 30031 B1____ 1
9000041 30031 B1____ 1
9000051 30031 B1____ 1
9000040 30031 B1____ 1
9000036 30031 B1____ 1
9000031 30031 B1____ 1
9000032 30031 B1____ 1
9000035 30031 B1____ 1
9000001 30031 B1____ 7
9000046 30033 B1____ 1
9000045 30033 B1____ 1
9000044 30033 B1____ 1
9000043 30033 B1____ 1
9000042 30033 B1____ 1
9000041 30033 B1____ 1
9000051 30033 B1____ 1
9000040 30033 B1____ 1
9000036 30033 B1____ 1
9000031 30033 B1____ 1
9000032 30033 B1____ 1
9000035 30033 B1____ 1
9000001 30033 B1____ 7
9000046 30035 B1____ 1
9000045 30035 B1____ 1
9000044 30035 B1____ 1
9000043 30035 B1____ 1
9000042 30035 B1____ 1
9000041 30035 B1____ 1
9000051 30035 B1____ 1
9000040 30035 B1____ 1
9000036 30035 B1____ 1
9000031 30035 B1____ 1
9000032 30035 B1____ 1
9000035 30035 B1____ 1
9000001 30035 B1____ 7
9000046 30037 B1____ 1
9000045 30037 B1____ 1
9000044 30037 B1____ 1
9000043 30037 B1____ 1
9000042 30037 B1____ 1
9000041 30037 B1____ 1
9000051 30037 B1____ 1
9000040 30037 B1____ 1
9000036 30037 B1____ 1
9000031 30037 B1____ 1
9000032 30037 B1____ 1
9000035 30037 B1____ 1
9000001 30037 B1____ 7
9000046 30039 B1____ 1
9000045 30039 B1____ 1
9000044 30039 B1____ 1
9000043 30039 B1____ 1
9000042 30039 B1____ 1
9000041 30039 B1____ 1
9000051 30039 B1____ 1
9000040 30039 B1____ 1
9000036 30039 B1____ 1
9000031 30039 B1____ 1
9000032 30039 B1____ 1
9000035 30039 B1____ 1
9000001 30039 B1____ 7
9000029 20020 B1____ 2
9000028 20020 B1____ 2
9000027 20020 B1____ 2
9000026 20020 B1____ 2
9000025 20020 B1____ 2
9000020 20020 B1____ 2
9000033 20020 B1____ 2
9000001 20020 B1____ 8
9000029 20022 B1____ 2
9000028 20022 B1____ 2
9000027 20022 B1____ 2
9000026 20022 B1____ 2
9000025 20022 B1____ 2
9000020 20022 B1____ 2
9000033 20022 B1____ 2
9000001 20022 B1____ 8
9000029 20024 B1____ 2
9000028 20024 B1____ 2
9000027 20024 B1____ 2
9000026 20024 B1____ 2
9000025 20024 B1____ 2
9000020 20024 B1____ 2
9000033 20024 B1____ 2
9000001 20024 B1____ 8
9000029 20026 B1____ 2
9000028 20026 B1____ 2
9000027 20026 B1____ 2
9000026 20026 B1____ 2
9000025 20026 B1____ 2
9000020 20026 B1____ 2
9000033 20026 B1____ 2
9000001 20026 B1____ 8
9000029 20028 B1____ 2
9000028 20028 B1____ 2
9000027 20028 B1____ 2
9000026 20028 B1____ 2
9000025 20028 B1____ 2
9000020 20028 B1____ 2
9000033 20028 B1____ 2
9000001 20028 B1____ 8
9000029 20030 B1____ 2
9000028 20030 B1____ 2
9000027 20030 B1____ 2
9000026 20030 B1____ 2
9000025 20030 B1____ 2
9000020 20030 B1____ 2
9000033 20030 B1____ 2
9000001 20030 B1____ 8
9000029 20032 B1____ 2
9000028 20032 B1____ 2
9000027 20032 B1____ 2
9000026 20032 B1____ 2
9000025 20032 B1____ 2
9000020 20032 B1____ 2
9000033 20032 B1____ 2
9000001 20032 B1____ 8
9000029 20034 B1____ 2
9000028 20034 B1____ 2
9000027 20034 B1____ 2
9000026 20034 B1____ 2
9000025 20034 B1____ 2
9000020 20034 B1____ 2
9000033 20034 B1____ 2
9000001 20034 B1____ 8
9000029 20036 B1____ 2
9000028 20036 B1____ 2
9000027 20036 B1____ 2
9000026 20036 B1____ 2
9000025 20036 B1____ 2
9000020 20036 B1____ 2
9000033 20036 B1____ 2
9000001 20036 B1____ 8
9000029 20038 B1____ 2
9000028 20038 B1____ 2
9000027 20038 B1____ 2
9000026 20038 B1____ 2
9000025 20038 B1____ 2
9000020 20038 B1____ 2
9000033 20038 B1____ 2
9000001 20038 B1____ 8
9000001 20019 B1____ 7
9000033 20019 B1____ 1
9000020 20019 B1____ 1
9000025 20019 B1____ 1
9000026 20019 B1____ 1
9000027 20019 B1____ 1
9000028 20019 B1____ 1
9000029 20019 B1____ 1
9000001 20021 B1____ 7
9000033 20021 B1____ 1
9000020 20021 B1____ 1
9000025 20021 B1____ 1
9000026 20021 B1____ 1
9000027 20021 B1____ 1
9000028 20021 B1____ 1
9000029 20021 B1____ 1
9000001 20023 B1____ 7
9000033 20023 B1____ 1
9000020 20023 B1____ 1
9000025 20023 B1____ 1
9000026 20023 B1____ 1
9000027 20023 B1____ 1
9000028 20023 B1____ 1
9000029 20023 B1____ 1
9000001 20025 B1____ 7
9000033 20025 B1____ 1
9000020 20025 B1____ 1
9000025 20025 B1____ 1
9000026 20025 B1____ 1
9000027 20025 B1____ 1
9000028 20025 B1____ 1
9000029 20025 B1____ 1
9000001 20027 B1____ 7
9000033 20027 B1____ 1
9000020 20027 B1____ 1
9000025 20027 B1____ 1
9000026 20027 B1____ 1
9000027 20027 B1____ 1
9000028 20027 B1____ 1
9000029 20027 B1____ 1
9000001 20029 B1____ 7
9000033 20029 B1____ 1
9000020 20029 B1____ 1
9000025 20029 B1____ 1
9000026 20029 B1____ 1
9000027 20029 B1____ 1
9000028 20029 B1____ 1
9000029 20029 B1____ 1
9000001 20031 B1____ 7
9000033 20031 B1____ 1
9000020 20031 B1____ 1
9000025 20031 B1____ 1
9000026 20031 B1____ 1
9000027 20031 B1____ 1
9000028 20031 B1____ 1
9000029 20031 B1____ 1
9000001 20033 B1____ 7
9000033 20033 B1____ 1
9000020 20033 B1____ 1
9000025 20033 B1____ 1
9000026 20033 B1____ 1
9000027 20033 B1____ 1
9000028 20033 B1____ 1
9000029 20033 B1____ 1
9000001 20035 B1____ 7
9000033 20035 B1____ 1
9000020 20035 B1____ 1
9000025 20035 B1____ 1
9000026 20035 B1____ 1
9000027 20035 B1____ 1
9000028 20035 B1____ 1
9000029 20035 B1____ 1
9000001 20037 B1____ 7
9000033 20037 B1____ 1
9000020 20037 B1____ 1
9000025 20037 B1____ 1
9000026 20037 B1____ 1
9000027 20037 B1____ 1
9000028 20037 B1____ 1
9000029 20037 B1____ 1