9000001 +0100 +0200 01012020 0200 31122020 0300
9000002 +0100 +0200 01012020 0200 31122020 0300
9000003 +0100 +0200 01012020 0200 31122020 0300
9000004 +0100 +0200 01012020 0200 31122020 0300
9000005 +0100 +0200 01012020 0200 31122020 0300
9000006 +0100 +0200 01012020 0200 31122020 0300
9000007 +0100 +0200 01012020 0200 31122020 0300
9000020 +0100 +0200 01012020 0200 31122020 0300
9000021 +0100 +0200 01012020 0200 31122020 0300
9000022 +0100 +0200 01012020 0200 31122020 0300
9000023 +0100 +0200 01012020 0200 31122020 0300
9000024 +0100 +0200 01012020 0200 31122020 0300
9000025 +0100 +0200 01012020 0200 31122020 0300
9000026 +0100 +0200 01012020 0200 31122020 0300
9000027 +0100 +0200 01012020 0200 31122020 0300
9000028 +0100 +0200 01012020 0200 31122020 0300
9000029 +0100 +0200 01012020 0200 31122020 0300
9000030 +0100 +0200 01012020 0200 31122020 0300
9000031 +0100 +0200 01012020 0200 31122020 0300
9000032 +0100 +0200 01012020 0200 31122020 0300
9000033 +0100 +0200 01012020 0200 31122020 0300
9000034 +0100 +0200 01012020 0200 31122020 0300
9000035 +0100 +0200 01012020 0200 31122020 0300
9000036 +0100 +0200 01012020 0200 31122020 0300
9000037 +0100 +0200 01012020 0200 31122020 0300
9000038 +0100 +0200 01012020 0200 31122020 0300
9000039 +0100 +0200 01012020 0200 31122020 0300
9000040 +0100 +0200 01012020 0200 31122020 0300
9000041 +0100 +0200 01012020 0200 31122020 0300
9000042 +0100 +0200 01012020 0200 31122020 0300
9000043 +0100 +0200 01012020 0200 31122020 0300
9000044 +0100 +0200 01012020 0200 31122020 0300
9000045 +0100 +0200 01012020 0200 31122020 0300
9000046 +0100 +0200 01012020 0200 31122020 0300
9000047 +0100 +0200 01012020 0200 31122020 0300
9000048 +0100 +0200 01012020 0200 31122020 0300
9000049 +0100 +0200 01012020 0200 31122020 0300
9000050 +0100 +0200 01012020 0200 31122020 0300
9000051 +0100 +0200 01012020 0200 31122020 0300